1
3
4
6
7
9
13
17
19
20
21
22
23
24
25
26
30
33
37
42
49
53
69
79
80
81
82
83
85
88
89
90
100
106
110
111
113
119
135
139
143
144
146
161
163
179
199
211
212
222
254
255
264
280
306
311
340
366
389
407
427
443
444
445
464
465
497
500
512
513
514
515
541
543
544
548
554
563
587
593
625
631
636
646
648
691
705
711
787
800
808
873
880
888
900
901
902
912
987
990
992
993
995
999
1000
1001
1002
1022
1023
1024
1025
1026
1075
1077
1078
1079
1080
1081
1082
1083
1085
1086
1088
1093
1094
1096
1100
1104
1106
1107
1108
1110
1111
1148
1169
1218
1234
1248
1272
1310
1311
1352
1433
1494
1500
1501
1503
1521
1666
1687
1700
1717
1718
1720
1723
1755
1761
1783
1801
1840
1863
1864
1900
1935
1947
1998
1999
2000
2001
2002
2003
2004
2005
2006
2007
2008
2009
2010
2020
2030
2049
2065
2100
2103
2105
2107
2119
2121
2135
2144
2160
2161
2190
2222
2260
2301
2381
2383
2399
2401
2492
2500
2525
2601
2602
2604
2605
2607
2701
2702
2717
2718
2809
2811
2869
2875
2967
3000
3001
3005
3017
3031
3052
3071
3128
3211
3260
3268
3269
3283
3300
3301
3306
3323
3325
3333
3351
3367
3389
3404
3476
3551
3580
3659
3689
3690
3703
3766
3784
3801
3827
3986
3998
4000
4001
4002
4003
4045
4126
4129
4242
4443
4444
4449
4662
4899
5000
5001
5002
5003
5004
5009
5030
5050
5051
5060
5100
5101
5102
5120
5190
5214
5222
5225
5226
5269
5357
5414
5431
5432
5500
5550
5555
5566
5631
5633
5666
5679
5718
5800
5801
5810
5825
5877
5900
5902
5910
5911
5925
5959
5960
5961
5962
5987
5988
5989
6000
6001
6002
6004
6005
6059
6101
6112
6123
6129
6156
6389
6543
6580
6646
6666
6667
6788
6789
6881
6901
6969
7000
7001
7019
7070
7100
7106
7200
7625
7627
7741
7777
7778
7911
7937
7938
8000
8001
8002
8007
8008
8009
8010
8021
8031
8080
8081
8082
8083
8084
8085
8086
8087
8088
8089
8181
8192
8193
8194
8222
8291
8333
8400
8402
8443
8600
8649
8651
8652
8701
8873
8888
8899
8994
9000
9001
9002
9009
9010
9011
9050
9071
9080
9090
9100
9101
9102
9207
9220
9290
9415
9485
9500
9502
9503
9535
9593
9594
9595
9618
9876
9900
9968
9999
10000
10001
10002
10010
10012
10024
10025
10243
10566
10616
10617
10621
10626
10628
10629
11110
11967
12000
12345
13456
13782
13783
14000
14238
14442
15000
15002
15003
15660
16001
16016
16018
16992
16993
17988
19101
19801
19842
20000
20005
20031
20221
20222
20828
21571
22939
23502
24800
25734
27000
27715
28201
30000
30718
31038
32768
32775
32781
32782
33354
33899
34571
34572
34573
35500
40193
42510
45100
48080
49152
49160
49999
50000
50001
50003
50006
50800
51103
52822
52869
55555
55600
57294
58080
60020
63331
64623
64680
65000
65129
65389
